0:
#.#
###
#.#

1:
###
#..
###

2:
###
###
#..

3:
..#
.##
##.

4:
###
.##
..#

5:
#.#
###
##.

40x35: 37 32 44 34 35 33
48x50: 66 57 67 49 68 60
42x35: 27 24 23 28 30 22
44x36: 31 24 25 29 25 33
39x36: 38 38 32 37 38 34
46x47: 38 44 31 42 37 32
50x44: 60 54 53 76 48 52
46x40: 47 42 38 53 54 52
46x46: 52 55 62 57 43 56
39x47: 37 35 51 63 61 42
44x43: 46 49 50 53 45 49
35x47: 32 25 22 29 24 32
42x37: 37 43 43 36 37 42
45x36: 45 36 46 39 37 45
48x46: 33 40 48 39 39 40
40x38: 33 23 26 27 25 22
36x44: 28 29 25 28 33 24
49x50: 73 67 48 79 57 57
37x49: 35 27 40 31 33 25
40x47: 48 49 35 49 57 53
43x39: 53 42 32 42 42 47
36x36: 30 47 30 34 34 25
41x36: 35 38 45 34 35 39
38x48: 40 43 58 42 43 53
44x48: 40 24 50 34 37 39
37x36: 37 40 26 37 34 32
35x45: 24 24 27 32 27 30
41x42: 29 29 23 29 42 29
50x40: 57 41 52 53 47 58
37x47: 47 49 46 38 45 41
50x48: 39 43 45 52 37 40
49x35: 23 35 32 31 28 26
39x48: 42 45 48 50 41 62
43x35: 37 42 39 26 44 41
36x44: 27 20 35 30 28 28
43x50: 57 53 56 59 46 60
47x40: 37 42 25 38 27 26
40x45: 44 37 39 57 57 48
42x45: 40 41 34 33 30 32
44x48: 59 61 51 47 45 59
38x45: 24 29 33 38 28 27
48x41: 34 41 32 26 39 35
37x39: 36 45 39 31 34 35
37x43: 44 38 49 33 41 38
37x38: 33 38 41 33 38 33
45x43: 32 43 31 44 33 26
45x39: 41 29 33 31 28 32
46x41: 35 36 25 36 33 30
47x38: 34 26 24 34 35 27
37x44: 24 22 27 34 32 28
44x50: 53 52 58 60 64 54
50x50: 42 54 38 52 30 40
47x48: 34 42 50 42 26 46
42x46: 54 53 48 53 53 38
46x48: 58 65 54 56 50 56
44x45: 33 31 31 33 35 47
43x41: 24 24 35 34 36 29
39x38: 41 38 39 29 40 39
49x45: 53 67 58 54 51 55
38x50: 40 34 35 27 29 26
39x50: 58 38 49 40 55 58
37x47: 36 21 32 29 34 28
42x38: 47 37 38 36 44 43
40x48: 35 38 34 33 37 30
41x48: 32 35 35 37 31 37
48x45: 42 39 33 33 52 40
38x35: 16 22 20 14 28 31
35x36: 22 20 21 25 22 21
37x38: 41 43 34 34 35 29
42x40: 42 40 49 47 45 37
40x50: 45 47 55 58 46 58
40x49: 32 40 33 30 37 35
37x38: 35 37 44 38 22 39
36x47: 30 32 23 34 34 26
35x39: 36 29 45 40 22 38
47x43: 52 46 51 56 42 64
43x48: 38 36 34 43 36 37
41x35: 37 35 34 41 34 41
48x40: 35 37 30 37 34 34
45x44: 57 64 41 50 54 39
45x42: 42 51 50 49 54 46
39x38: 37 20 22 21 26 30
35x39: 35 28 28 35 34 50
50x49: 60 65 68 50 73 59
48x45: 39 28 49 42 51 30
40x41: 41 36 49 43 44 40
43x37: 49 41 38 42 39 36
36x49: 46 42 48 45 56 36
38x43: 44 33 43 36 42 52
48x44: 53 57 61 47 45 59
45x39: 48 42 53 37 58 32
43x39: 33 26 32 27 29 34
37x45: 31 46 43 43 47 47
37x41: 33 38 42 35 50 36
37x48: 43 46 46 52 51 38
42x37: 21 40 26 25 31 25
44x35: 43 40 39 42 40 34
43x45: 49 54 57 52 45 41
42x49: 54 36 59 52 56 60
45x45: 33 42 44 32 31 42
43x43: 51 54 39 54 49 40
46x45: 54 53 57 48 52 53
37x35: 29 30 32 37 42 32
43x49: 61 65 52 51 43 50
47x40: 46 54 49 44 53 43
44x42: 40 50 39 54 58 47
48x35: 35 15 27 39 22 38
42x42: 30 35 32 41 23 35
44x37: 16 27 30 37 30 28
44x36: 38 52 32 52 32 40
50x42: 36 34 37 44 34 38
48x36: 39 54 38 58 45 36
35x39: 23 24 28 21 23 24
50x44: 36 36 46 38 33 34
48x42: 56 41 50 55 43 65
50x46: 41 66 62 70 58 60
37x44: 43 40 39 47 40 43
40x40: 22 27 30 33 31 25
44x41: 23 26 33 33 35 32
49x45: 55 60 60 58 58 49
44x44: 32 34 26 31 41 31
41x42: 56 46 44 36 52 30
37x47: 33 35 29 32 25 26
44x44: 55 49 51 41 45 54
40x40: 22 37 22 24 31 32
37x36: 31 35 33 36 35 36
49x40: 59 41 58 51 42 50
44x44: 34 38 32 29 31 32
45x45: 52 59 56 51 42 50
44x43: 30 34 29 30 32 40
43x46: 60 43 44 61 46 53
45x38: 40 51 34 57 35 49
41x37: 42 29 40 41 44 39
36x39: 25 25 32 25 30 18
50x45: 50 65 55 49 65 61
40x42: 41 36 22 38 23 22
40x36: 26 37 36 46 35 44
37x44: 27 28 26 31 24 32
37x46: 45 40 57 44 41 35
49x39: 46 55 50 53 46 45
49x48: 56 59 52 66 75 58
49x50: 58 57 67 70 53 73
49x42: 42 54 62 50 65 45
44x36: 35 40 51 31 32 51
43x50: 52 62 51 59 60 49
38x45: 35 46 52 42 44 44
38x39: 36 37 44 31 30 47
35x46: 38 34 45 45 42 45
44x44: 51 49 49 49 49 51
44x47: 27 35 45 29 39 35
38x40: 35 28 21 37 20 15
41x43: 41 44 57 43 38 47
35x36: 41 31 27 29 25 39
38x39: 44 31 31 46 42 37
44x46: 51 50 53 59 55 46
49x37: 34 24 27 35 35 37
46x41: 49 51 40 37 62 50
47x37: 28 36 25 33 27 30
49x39: 44 56 55 45 47 46
41x35: 41 38 34 41 34 34
49x46: 68 53 56 53 66 51
46x49: 78 62 56 52 47 49
36x46: 45 40 49 40 33 46
36x44: 48 36 40 46 30 44
38x37: 25 20 22 28 27 21
48x49: 57 65 58 75 58 53
37x44: 30 30 21 30 28 29
43x45: 37 39 33 37 28 35
35x41: 38 35 37 37 35 39
50x50: 65 70 58 75 57 62
47x45: 60 58 46 53 59 50
43x47: 44 57 54 47 53 55
41x43: 44 58 43 40 52 34
39x41: 30 29 32 29 21 28
37x36: 31 32 37 33 36 36
41x40: 38 41 43 40 34 55
49x38: 54 45 45 34 57 49
36x43: 25 20 40 31 27 25
42x48: 50 40 49 48 64 60
41x40: 24 25 22 27 21 49
50x49: 41 45 41 42 41 45
39x35: 28 42 27 31 42 40
45x37: 31 19 26 27 48 29
36x43: 23 27 31 31 25 31
37x37: 21 32 22 17 33 19
44x47: 44 50 53 58 62 54
50x48: 56 66 73 58 64 52
35x48: 33 28 26 33 27 29
47x35: 42 32 57 41 36 44
38x49: 51 45 42 58 49 45
36x42: 33 26 25 27 31 26
39x49: 37 60 56 58 36 48
46x48: 28 43 43 37 46 42
47x42: 32 37 29 40 39 32
45x45: 42 36 35 41 32 39
43x38: 24 34 32 33 17 27
39x37: 34 36 42 31 39 39
39x38: 31 30 26 24 18 27
38x49: 55 50 36 50 52 45
39x41: 48 45 37 45 37 35
40x42: 34 51 40 48 36 50
47x44: 46 25 35 34 33 37
46x45: 38 31 38 43 36 38
37x47: 44 31 42 53 37 62
40x35: 23 25 22 26 27 19
49x37: 40 42 54 49 41 53
41x37: 36 38 43 48 30 40
39x41: 52 44 32 44 40 35
40x47: 35 28 31 34 34 32
50x41: 35 31 47 28 31 35
42x49: 55 65 51 43 52 48
39x50: 47 30 33 30 31 36
50x35: 29 29 31 18 38 31
41x44: 47 36 53 44 52 46
47x44: 24 37 40 32 43 34
42x47: 58 36 47 60 54 52
43x38: 37 43 42 42 37 50
35x48: 32 27 26 23 33 34
38x40: 30 28 38 40 51 49
45x38: 51 40 39 43 37 52
45x40: 29 43 31 27 38 27
49x48: 43 36 35 59 41 41
45x44: 41 55 55 52 50 52
43x36: 37 34 45 45 41 38
49x42: 39 34 37 36 38 39
48x40: 25 33 27 45 41 36
45x47: 67 59 46 40 51 58
48x43: 48 58 59 57 46 50
36x35: 20 25 24 23 23 16
41x36: 35 50 36 30 44 31
35x47: 28 26 26 24 32 28
45x43: 49 43 59 50 55 43
38x35: 26 40 25 38 35 42
44x39: 50 46 42 43 38 44
41x46: 54 45 49 50 49 44
40x45: 34 53 52 45 46 47
48x43: 58 44 66 38 50 57
50x49: 42 47 41 52 42 32
37x41: 27 30 26 23 27 22
49x35: 41 39 43 44 50 48
45x48: 71 48 53 52 58 50
39x38: 36 30 44 39 40 40
46x38: 47 42 48 48 50 36
49x35: 33 34 23 33 26 26
37x43: 22 34 28 29 28 26
35x38: 18 14 19 24 31 25
48x45: 43 31 39 41 43 42
35x44: 44 48 30 33 37 43
35x40: 34 28 35 39 40 41
49x39: 52 49 53 52 47 42
47x44: 48 56 55 47 48 62
43x45: 50 45 52 62 52 41
39x37: 43 34 38 37 43 28
43x36: 40 38 46 35 45 34
38x49: 38 40 39 26 26 23
43x40: 49 45 38 50 47 38
42x45: 32 38 33 37 39 31
45x45: 42 41 34 33 39 35
42x41: 44 45 44 44 44 44
45x42: 42 50 64 42 47 44
41x35: 19 23 29 26 22 24
43x37: 46 34 47 39 37 41
44x43: 28 40 27 34 35 31
46x39: 52 45 46 45 45 43
40x35: 23 24 29 26 19 22
43x37: 43 40 36 50 44 35
47x44: 55 53 50 55 60 47
43x40: 31 29 37 31 29 24
42x38: 34 50 47 40 36 38
37x39: 26 27 31 25 23 24
43x45: 52 49 50 48 54 45
36x35: 31 32 30 34 35 33
48x38: 46 39 51 45 50 50
50x48: 48 46 42 39 52 29
45x39: 47 47 40 50 34 52
40x44: 34 32 33 29 25 28
42x44: 64 44 46 42 41 45
42x42: 50 41 45 48 41 47
44x45: 43 55 54 48 49 55
35x43: 38 45 40 35 34 38
37x46: 42 42 40 57 37 47
49x40: 54 64 39 48 49 47
50x45: 57 57 55 50 64 62
36x35: 39 33 19 39 31 35
36x35: 27 15 29 21 20 20
50x39: 47 58 52 45 50 47
50x48: 63 58 56 70 56 68
42x38: 29 32 18 34 24 31
47x38: 53 38 52 43 51 38
38x40: 28 33 25 27 14 28
50x44: 53 55 68 68 50 47
39x39: 31 22 23 30 29 34
47x49: 58 52 61 63 61 61
47x41: 45 57 39 61 57 42
47x50: 60 55 74 61 53 58
42x36: 22 32 33 29 32 20
39x48: 38 36 22 33 43 35
37x46: 43 48 46 45 32 47
36x40: 34 38 36 40 33 41
45x36: 35 56 40 42 38 38
38x35: 25 29 15 16 29 18
36x37: 21 38 37 41 34 36
35x47: 30 22 26 34 33 20
48x49: 51 63 64 73 49 64
41x49: 58 51 45 56 41 58
36x50: 38 47 57 54 35 47
44x38: 40 49 57 35 35 38
43x48: 27 42 28 48 33 46
44x44: 55 48 36 43 56 59
44x35: 41 42 38 30 44 40
45x45: 34 41 28 41 37 44
39x45: 21 41 35 32 26 40
41x41: 29 36 33 13 32 26
37x50: 50 58 53 45 38 39
42x43: 47 24 24 31 37 33
37x36: 27 35 43 37 33 31
40x36: 46 32 35 39 28 41
39x48: 52 54 57 39 37 45
38x39: 24 24 31 27 21 28
41x36: 38 42 33 42 42 32
36x46: 35 49 41 54 41 38
39x35: 29 28 22 23 25 16
36x43: 33 49 35 38 39 44
45x43: 42 51 63 55 39 48
47x47: 54 59 47 63 64 56
45x38: 49 42 48 36 35 50
41x36: 30 39 39 40 46 35
36x42: 45 33 34 41 42 39
47x50: 53 40 27 39 47 34
44x40: 41 38 51 45 53 44
50x46: 39 36 35 45 42 43
45x45: 59 47 44 83 41 45
44x42: 47 47 59 52 40 40
43x36: 22 33 22 31 31 29
47x36: 25 32 30 28 39 26
38x38: 21 28 20 29 22 24
39x47: 48 52 26 57 52 51
39x38: 27 30 27 30 19 22
42x46: 41 53 42 53 59 52
40x40: 43 46 46 40 33 37
39x50: 45 56 49 52 57 43
47x44: 33 34 36 32 41 34
45x41: 51 49 50 36 48 47
39x48: 48 44 37 68 40 56
38x41: 22 23 33 24 26 28
41x43: 41 42 45 51 36 57
37x36: 22 46 30 37 41 31
37x38: 35 36 38 34 35 38
50x47: 64 63 56 72 52 57
48x36: 47 41 39 51 50 41
38x40: 30 46 43 39 32 43
38x46: 32 29 32 28 31 28
47x42: 47 54 45 54 58 48
42x43: 30 29 38 34 28 36
43x49: 58 59 49 48 55 54
36x47: 41 43 53 44 45 35
41x45: 32 37 34 29 27 35
47x42: 45 37 18 35 34 40
40x49: 43 40 26 34 35 30
41x46: 38 48 58 51 53 44
46x37: 42 27 29 35 18 29
35x50: 48 48 48 49 34 42
47x49: 51 69 52 75 58 54
43x46: 53 43 46 57 61 48
39x47: 35 52 42 53 53 50
45x36: 48 42 41 45 45 30
50x49: 45 38 44 40 50 39
35x36: 42 37 25 19 31 36
43x45: 33 43 35 35 31 33
40x41: 49 38 37 37 40 50
50x39: 34 33 32 38 32 39
47x37: 29 30 37 30 22 31
38x40: 44 32 30 52 39 41
47x45: 53 60 59 61 49 45
44x45: 30 38 32 42 36 32
49x50: 58 60 78 54 72 54
50x35: 43 50 47 37 57 35
44x44: 48 46 51 57 55 44
36x43: 24 32 30 26 26 29
35x41: 24 23 20 21 24 30
39x43: 26 34 29 34 34 24
35x48: 48 42 35 47 38 49
48x38: 43 45 46 62 51 39
35x44: 46 40 35 31 41 42
39x36: 39 34 34 31 44 34
44x46: 37 33 34 45 28 33
39x39: 36 44 40 33 36 43
48x48: 53 62 64 52 62 60
49x50: 61 61 59 54 78 64
50x49: 41 44 44 32 45 50
45x41: 44 52 50 51 45 43
35x42: 27 24 35 20 29 19
50x46: 40 44 25 40 44 47
40x40: 48 35 46 38 44 35
37x41: 36 33 43 35 41 45
41x37: 33 37 46 41 43 35
46x37: 37 49 50 45 40 41
35x40: 18 21 25 21 38 20
38x38: 42 38 37 43 37 27
38x50: 50 50 42 47 48 55
46x37: 28 38 28 27 28 30
47x39: 51 48 46 57 25 55
44x47: 37 29 42 27 47 27
45x49: 48 34 38 43 39 38
39x41: 46 49 36 37 34 42
49x36: 27 29 37 29 37 32
37x45: 35 52 36 41 50 43
38x41: 40 42 45 25 35 48
47x47: 45 39 36 35 33 37
42x35: 24 26 21 32 25 26
46x42: 23 48 39 25 41 34
40x36: 40 40 32 49 29 34
45x47: 65 47 50 53 44 65
35x38: 36 29 35 31 40 34
35x41: 30 34 43 40 43 33
45x49: 47 49 55 59 61 70
44x35: 24 31 22 22 32 23
42x50: 58 66 47 53 53 46
40x44: 34 53 52 49 44 40
40x47: 29 37 27 27 36 39
43x47: 68 42 47 52 42 59
45x48: 41 36 40 37 33 53
46x36: 33 29 19 36 37 25
40x35: 54 30 32 34 28 36
40x41: 25 27 25 26 31 35
42x50: 33 38 34 42 36 41
45x41: 43 53 41 44 45 57
40x50: 37 42 36 32 33 27
42x45: 38 36 36 39 26 34
45x37: 40 38 54 48 36 41
39x40: 36 44 32 36 52 41
42x35: 34 36 43 35 39 39
46x39: 34 33 40 35 22 30
47x50: 39 38 49 33 43 38
50x41: 26 42 25 41 42 32
43x42: 49 50 44 48 41 46
42x47: 33 35 40 23 32 47
41x46: 45 31 29 26 34 30
45x46: 56 50 48 49 57 58
40x42: 29 29 34 32 32 26
40x43: 40 22 34 29 28 29
45x36: 36 48 53 36 41 34
40x38: 35 23 29 19 19 30
41x48: 49 45 61 46 46 54
41x46: 48 47 50 38 58 48
38x49: 47 29 26 23 30 36
49x41: 53 56 44 48 64 45
37x41: 21 22 28 37 25 23
50x39: 36 27 41 35 32 36
39x39: 37 34 42 36 50 36
37x45: 36 24 28 35 29 28
44x49: 61 60 46 72 57 41
36x41: 33 37 41 37 38 41
41x41: 41 47 42 41 47 41
42x48: 49 54 50 49 62 47
50x39: 28 33 44 25 35 43
37x46: 32 47 45 41 47 50
45x49: 33 43 39 43 50 32
39x42: 33 39 52 42 41 45
42x46: 38 33 32 44 30 33
35x46: 39 37 51 34 41 44
46x35: 41 42 45 40 36 43
35x50: 24 33 26 29 32 31
40x38: 33 23 25 18 29 27
39x39: 39 35 43 33 48 36
44x39: 64 36 46 36 43 37
44x35: 40 41 38 27 43 45
40x39: 43 36 37 50 38 39
39x38: 42 38 29 35 41 43
42x40: 47 37 44 55 34 44
43x39: 32 34 48 48 59 41
44x36: 15 24 35 35 33 25
38x41: 40 39 45 36 48 32
44x41: 47 42 47 44 53 45
50x49: 43 50 41 35 48 39
38x42: 27 20 26 36 30 29
39x41: 29 29 28 27 27 28
41x43: 46 36 44 43 52 51
40x42: 46 45 46 43 37 41
50x35: 32 28 28 29 29 29
35x42: 23 28 24 27 28 23
36x42: 45 39 51 33 31 31
48x38: 49 51 46 49 36 49
46x49: 61 65 54 44 65 55
39x36: 33 39 41 34 32 36
35x42: 41 32 37 47 30 41
36x46: 38 37 44 45 50 43
49x40: 30 47 41 29 29 32
37x50: 41 47 42 56 51 51
42x36: 26 29 28 28 29 27
39x43: 33 35 25 28 30 31
36x40: 42 32 34 29 41 42
50x47: 55 62 62 73 50 62
47x35: 30 27 28 20 36 23
50x37: 34 34 36 29 26 33
42x41: 30 34 31 26 30 31
40x43: 29 33 26 33 33 28
42x48: 55 60 41 54 57 45
45x49: 34 51 45 30 36 44
42x43: 32 35 34 33 27 34
48x39: 46 30 22 40 35 34
43x47: 43 34 21 42 42 28
35x36: 25 17 31 20 15 24
35x47: 57 38 37 43 39 39
38x38: 33 34 42 48 41 28
40x44: 45 50 46 50 43 38
37x45: 46 46 46 41 43 34
46x37: 30 38 32 31 28 21
49x38: 31 33 34 34 26 33
49x36: 48 59 36 39 60 30
43x50: 59 50 58 53 46 63
46x41: 33 36 28 25 25 48
46x45: 61 60 35 55 58 51
48x37: 51 48 41 41 45 46
35x43: 37 41 36 41 42 36
43x45: 34 29 41 38 36 31
44x43: 32 31 44 26 37 26
50x47: 66 66 54 58 58 59
43x37: 40 47 45 34 33 43
48x42: 56 46 56 39 46 63
38x50: 32 24 35 27 44 30
50x39: 50 46 52 46 57 49
41x48: 33 34 36 29 35 40
46x41: 28 32 42 28 37 27
48x46: 47 70 58 51 47 64
49x44: 51 56 66 59 33 65
40x49: 36 23 26 35 49 38
42x39: 48 52 34 44 35 39
40x36: 25 56 42 31 30 35
48x37: 55 44 48 45 35 45
46x35: 40 36 45 46 47 36
38x35: 35 37 27 31 34 40
49x39: 51 58 41 53 52 41
40x47: 44 49 47 40 53 55
42x50: 53 61 53 58 44 54
37x44: 43 32 42 35 49 49
42x40: 47 34 48 48 43 40
46x35: 28 28 22 28 26 32
48x42: 48 54 55 42 62 48
45x35: 45 41 36 41 43 37
44x35: 41 35 39 39 46 38
49x35: 40 39 41 55 48 45
43x40: 39 29 30 24 30 30
47x42: 63 35 47 56 53 52
46x49: 69 45 50 61 52 70
40x44: 44 47 32 42 52 54
47x48: 30 55 42 37 35 40
48x38: 48 59 47 47 39 40
48x46: 55 69 60 48 59 47
42x38: 34 33 53 47 51 31
40x46: 51 51 48 43 47 42
39x47: 29 35 34 28 26 42
39x37: 45 35 33 37 34 38
37x48: 40 37 21 26 34 34
41x48: 51 46 55 47 50 53
42x39: 28 30 33 27 31 33
45x41: 39 30 26 31 36 32
36x45: 39 27 25 29 26 33
43x47: 55 47 61 46 55 46
38x44: 27 28 22 28 33 30
50x36: 39 26 37 27 40 23
39x42: 41 40 52 40 43 36
39x50: 43 52 47 45 52 60
37x44: 22 27 26 38 31 23
37x42: 24 46 31 51 49 43
39x36: 17 36 27 22 29 25
46x37: 44 44 47 34 40 50
45x40: 25 34 44 29 32 31
50x35: 43 41 44 49 40 53
49x37: 31 30 27 44 29 31
35x41: 40 42 33 29 39 36
41x37: 47 31 43 35 48 30
50x49: 61 60 69 69 64 56
43x48: 53 52 53 51 57 52
46x48: 53 58 57 71 55 50
44x46: 44 53 43 54 57 62
35x47: 43 40 55 38 41 35
36x45: 24 34 35 30 26 31
38x46: 47 45 40 44 45 48
36x40: 37 36 45 33 32 37
37x46: 44 39 44 38 48 48
45x47: 55 59 58 51 50 51
45x40: 44 51 40 48 48 47
35x47: 41 37 49 43 38 45
47x37: 38 38 41 52 44 57
36x42: 41 30 37 36 44 45
36x42: 52 34 37 29 37 41
45x42: 33 27 35 38 40 37
50x50: 63 57 74 48 68 71
35x38: 35 33 33 42 34 30
40x44: 48 49 44 54 41 37
46x35: 46 33 45 43 44 38
44x41: 43 52 47 44 44 47
46x35: 39 44 39 45 48 35
50x46: 59 58 53 57 70 58
44x45: 41 44 31 22 31 41
41x46: 51 54 48 44 55 38
48x43: 60 48 50 58 51 52
44x35: 27 19 22 30 26 29
37x36: 46 26 36 34 33 30
50x38: 28 40 34 29 28 32
44x49: 53 51 54 54 44 74
42x50: 34 31 40 33 36 50
47x37: 42 42 51 46 42 45
36x35: 38 31 32 33 29 31
40x35: 32 46 40 27 36 32
37x41: 21 22 26 26 36 24
47x40: 39 27 26 26 40 37
46x39: 26 38 34 32 33 31
45x50: 39 34 34 48 36 48
49x35: 50 51 38 42 40 42
41x35: 38 38 36 34 41 34
43x38: 36 41 50 52 37 38
39x39: 38 43 37 41 34 41
50x50: 73 59 70 49 66 64
45x45: 73 49 39 50 50 50
46x42: 56 49 50 55 49 40
49x42: 36 42 37 40 32 36
38x37: 41 32 31 32 47 34
39x39: 43 37 45 27 39 40
46x37: 31 28 31 34 28 27
36x49: 52 45 37 34 55 47
42x48: 41 29 50 39 28 36
44x47: 44 38 40 35 30 23
44x45: 46 64 37 51 52 55
47x35: 25 27 30 31 28 23
48x43: 34 33 39 47 37 34
36x48: 34 37 23 34 33 30
44x40: 39 48 47 39 50 47
42x44: 20 42 28 38 30 37
46x38: 34 27 24 35 24 35
45x36: 43 37 52 35 44 37
50x48: 40 35 42 56 47 35
46x38: 25 35 27 28 30 35
43x44: 35 37 32 30 28 33
47x39: 43 56 43 42 40 56
47x39: 27 22 42 32 37 35
41x38: 38 38 48 42 29 44
38x48: 41 58 39 36 49 55
47x37: 35 25 29 26 35 29
35x38: 21 35 36 27 41 44
50x42: 32 39 35 39 44 34
42x37: 41 36 38 35 48 41
37x35: 26 31 34 29 44 36
48x48: 41 43 41 45 36 49
45x46: 53 54 49 51 59 53
48x46: 45 56 71 54 56 57
49x39: 46 65 38 47 44 53
38x43: 24 45 25 29 27 18
46x48: 46 59 52 62 60 63
48x43: 49 53 57 53 48 57
36x38: 22 24 25 27 21 25
42x50: 48 61 61 48 62 43
48x37: 44 39 56 40 53 41
37x36: 43 30 39 33 36 24
43x46: 49 58 52 40 53 50
48x41: 36 33 42 33 32 32
35x36: 16 21 20 20 35 20
49x44: 36 39 50 28 37 34
44x43: 37 22 32 33 40 32
42x47: 28 47 34 35 30 36
45x39: 41 39 53 59 44 38
50x38: 36 30 25 33 40 27
46x45: 45 40 26 41 37 36
49x48: 46 40 43 47 44 35
39x37: 31 23 27 26 23 26
50x35: 55 43 45 34 42 47
50x43: 31 42 46 34 33 37
45x39: 58 50 41 35 49 35
45x35: 33 44 48 32 39 44
45x36: 54 27 39 41 46 43
44x36: 27 22 28 28 34 28
40x46: 52 42 41 55 50 46
43x39: 40 34 32 21 30 25
40x37: 26 33 22 17 28 30
45x46: 39 37 35 39 36 38
44x42: 44 44 48 48 56 46
44x43: 50 52 48 49 44 48
41x47: 35 28 26 36 37 32
48x48: 68 69 48 40 57 67
48x48: 56 39 32 44 48 37
43x44: 48 44 60 44 56 39
45x39: 40 28 35 28 29 35
44x42: 37 33 33 34 39 20
44x48: 57 60 50 55 44 58
35x40: 32 23 33 21 15 18
40x46: 48 47 48 49 47 45
46x36: 31 33 19 31 24 41
35x41: 45 29 40 44 30 34
39x41: 40 50 39 54 35 31
42x37: 33 38 47 39 40 42
42x45: 36 30 28 35 37 44
40x38: 33 42 33 36 44 46
48x39: 36 40 42 32 25 32
48x46: 29 36 37 43 47 47
38x46: 28 34 32 31 25 30
35x36: 28 24 35 35 34 39
47x36: 47 40 38 44 44 48
49x39: 53 49 53 42 46 49
36x50: 56 40 48 39 52 41
43x43: 52 44 48 48 48 45
46x35: 39 46 40 37 36 48
43x42: 62 45 40 46 46 39
36x35: 36 35 41 18 32 28
38x47: 51 49 42 43 38 50
46x37: 38 32 28 25 34 22
36x39: 37 33 41 34 37 34
48x42: 47 43 57 50 59 55
35x46: 27 22 28 36 24 28
48x36: 33 35 27 34 35 28
40x41: 20 26 29 27 41 25
50x42: 61 52 47 61 57 48
43x44: 30 28 31 37 37 33
43x49: 41 26 37 37 44 39
46x44: 38 27 38 26 39 42
43x50: 61 59 52 58 50 51
36x39: 26 45 30 33 39 43
36x50: 35 27 32 31 36 30
48x39: 28 34 40 39 28 38
48x40: 28 45 33 37 28 36
46x38: 30 26 21 24 46 32
44x37: 28 25 23 24 30 37
35x36: 30 43 28 29 32 31
37x36: 26 23 24 17 22 31
44x49: 36 33 39 32 38 45
38x38: 23 26 21 26 23 25
37x49: 42 49 51 42 46 48
35x45: 32 26 31 21 28 26
36x48: 31 30 37 31 28 34
40x36: 36 31 38 46 35 38
47x36: 49 38 40 48 52 36
39x42: 32 34 39 30 25 22
42x41: 28 26 33 36 24 35
39x48: 50 53 44 41 45 53
36x44: 21 34 26 32 22 33
36x46: 32 35 30 24 29 29
44x42: 37 54 41 45 48 59
50x39: 30 42 36 37 35 28
42x39: 33 33 26 23 32 35
38x47: 50 43 41 41 49 50
46x37: 41 43 58 37 43 38
41x37: 27 23 29 26 25 26
49x41: 37 35 41 25 35 35
40x39: 27 36 22 27 27 29
44x36: 41 51 35 29 43 42
47x42: 40 40 24 35 36 34
36x49: 32 32 34 32 32 30
44x45: 38 34 35 33 34 36
43x36: 40 36 37 40 42 44
47x40: 46 45 50 44 45 58
42x46: 40 55 53 56 55 41
41x46: 33 36 36 26 27 36
36x42: 46 31 36 42 40 39
43x42: 52 43 45 45 48 45
49x38: 27 38 29 32 30 36
43x39: 28 35 33 34 27 25
35x35: 31 28 32 36 37 27
46x49: 42 36 40 41 45 36
47x47: 68 59 60 45 52 52
39x36: 37 42 29 39 36 34
42x38: 27 30 26 23 29 32
43x50: 61 64 54 57 52 43
50x46: 63 60 64 65 45 57
48x48: 45 43 41 41 39 46
47x45: 33 40 34 39 44 35
39x45: 41 43 40 53 48 48
39x48: 54 50 42 44 48 49
36x46: 37 34 22 26 35 26
40x41: 34 28 19 28 29 30
35x50: 51 39 38 50 58 37
49x36: 53 44 39 51 43 43
45x42: 58 52 46 50 46 39
50x42: 58 53 49 66 47 53
42x48: 41 40 31 34 42 35
43x44: 43 49 51 41 48 57
39x47: 53 46 40 51 38 54
36x39: 34 39 34 36 42 32
36x46: 27 45 27 22 29 29
48x40: 38 49 54 56 60 42
40x48: 38 39 27 30 40 33
35x41: 19 37 19 21 28 18
50x39: 51 49 46 55 51 50
43x43: 48 39 54 45 54 45
41x48: 44 60 53 53 46 47
37x50: 57 45 46 44 49 43
47x46: 56 56 52 66 48 57
42x38: 36 28 41 50 44 50
48x45: 43 39 40 43 39 36
41x48: 54 57 41 43 52 54
39x44: 32 49 45 54 44 43
44x45: 58 49 51 50 47 49
41x48: 54 56 43 55 54 43
36x38: 37 38 31 46 29 32
45x37: 45 42 47 46 40 37
42x36: 33 40 49 50 30 33
44x39: 29 34 27 31 29 32
40x50: 39 45 27 33 32 32
40x47: 53 51 36 51 53 47
45x46: 43 30 42 34 36 39
45x48: 47 49 58 53 70 57
41x36: 41 40 34 40 39 34
47x41: 34 28 22 33 37 40
46x39: 32 31 30 30 37 35
41x49: 43 56 52 57 53 50
42x37: 23 29 35 25 25 30
47x36: 48 43 50 38 37 42
49x49: 55 63 48 67 80 61
43x37: 23 27 31 23 36 27
41x40: 38 49 49 35 39 40
50x40: 40 29 34 32 28 44
38x39: 41 39 39 29 46 33
40x37: 30 15 33 30 25 23
40x49: 62 49 41 50 45 54
50x37: 35 42 37 34 23 21
47x43: 35 33 33 34 37 38
37x44: 29 27 27 29 29 26
40x49: 35 35 39 28 42 28
48x48: 55 51 67 62 61 60
38x45: 29 41 30 21 25 33
42x37: 46 37 40 42 33 41
50x40: 59 48 56 40 52 50
48x41: 42 55 50 61 56 43
37x44: 42 40 36 41 39 52
38x37: 30 22 20 26 27 19
38x36: 38 33 32 35 36 37
36x40: 31 21 30 31 21 22
44x35: 50 36 38 47 30 37
50x48: 42 35 49 47 48 35
50x47: 57 42 29 45 31 35
47x40: 42 45 63 48 45 46
43x50: 41 40 39 37 29 38
38x38: 28 35 45 50 28 39
40x45: 49 41 50 42 46 48
48x45: 60 59 55 59 45 54
50x47: 65 61 65 60 63 48
44x49: 68 50 47 57 52 58
41x43: 29 32 34 26 32 28
41x43: 48 44 36 45 48 51
47x49: 57 62 63 51 64 56
39x40: 31 32 46 43 40 49
44x39: 48 53 36 40 42 44
41x50: 32 27 42 34 36 37
48x47: 60 58 59 48 55 64
38x50: 27 39 27 38 31 30
48x45: 44 51 45 40 28 32
37x42: 32 53 38 39 39 38
45x37: 49 47 35 39 48 38
49x47: 69 60 53 59 56 57
43x46: 40 51 47 52 59 57
43x49: 49 55 56 54 52 58
36x35: 28 20 17 23 16 27
36x49: 31 37 28 35 31 29
37x43: 25 32 24 23 34 29
49x40: 48 50 54 58 43 50
47x37: 26 25 27 34 37 30
38x40: 17 29 35 25 29 20
47x45: 54 56 58 53 45 58
41x42: 44 37 44 44 49 48
47x42: 61 34 62 51 56 41
48x46: 45 50 46 32 33 34
39x48: 49 36 51 52 59 44
49x48: 62 59 59 66 54 63
50x42: 61 65 51 59 49 39
38x43: 50 51 35 38 32 43
44x37: 45 40 39 47 46 36
36x50: 51 40 39 42 53 52
46x47: 31 48 21 41 43 40
44x49: 38 45 39 36 34 32
36x44: 21 31 42 22 23 28
49x44: 40 39 33 38 39 34
36x46: 24 27 32 28 34 35
40x44: 46 41 42 40 49 52
38x40: 40 40 44 37 43 30
49x42: 31 48 46 33 30 36
45x36: 35 45 42 49 36 44
45x43: 46 57 52 57 50 38
41x49: 43 38 39 30 27 31
35x45: 18 24 28 34 29 31
47x44: 43 55 47 62 47 66
41x37: 35 55 30 39 42 33
40x35: 33 27 19 19 20 24
49x36: 36 49 63 38 49 35
37x46: 31 26 32 32 38 21
39x43: 29 24 33 29 32 34
50x49: 43 42 38 43 35 55
38x45: 47 36 41 51 41 49
41x44: 36 39 32 28 26 20
40x41: 33 34 31 22 22 27
50x46: 33 42 39 42 33 50
42x42: 52 49 43 38 47 41
36x42: 45 32 37 38 41 40
41x47: 49 41 54 64 50 43
35x40: 19 24 21 25 28 26
44x45: 61 43 47 53 53 49
35x45: 43 40 37 45 35 43
49x41: 30 39 30 37 41 30
48x44: 48 62 53 50 47 63
35x45: 27 30 33 26 24 25
37x42: 24 36 31 26 21 30
45x48: 52 53 79 56 56 37
44x48: 32 26 46 46 35 38
43x40: 49 40 36 54 52 38
46x49: 67 64 50 74 40 54
48x48: 37 47 53 33 47 39
35x43: 44 39 41 40 36 32
49x40: 41 50 52 47 59 53
35x36: 17 20 19 27 22 26
44x49: 46 65 57 47 50 64
43x50: 51 60 53 58 62 49
37x35: 24 25 24 20 20 18
41x45: 36 34 61 48 58 49
38x44: 47 40 44 44 37 45
44x37: 28 20 25 34 30 31
40x47: 58 43 46 53 43 47
37x49: 45 29 24 34 23 36
40x43: 35 34 34 29 23 27
37x40: 31 29 29 18 23 25
38x38: 20 21 27 23 23 30
35x46: 26 25 35 27 23 28
38x49: 34 44 29 26 30 28
42x43: 29 33 37 30 32 35
44x40: 33 23 23 34 34 35
45x35: 22 27 31 31 23 30
40x49: 48 46 41 50 60 58
36x41: 44 39 32 38 42 33
45x43: 42 52 56 50 48 50
40x47: 22 34 35 34 30 40
41x35: 19 27 22 33 18 23
43x42: 51 36 45 53 47 48
37x37: 21 16 29 23 24 30
43x39: 50 44 37 32 50 43
36x43: 45 42 32 36 37 45
41x50: 33 31 36 39 35 33
35x41: 38 30 37 36 45 36
39x45: 44 39 46 57 39 48
37x43: 39 36 47 50 37 38
50x41: 56 55 58 35 48 58
40x39: 18 29 30 38 27 27
37x49: 38 45 53 43 52 48
46x48: 67 59 45 60 57 53
46x40: 50 52 46 54 32 49
39x48: 43 54 41 57 42 53
37x47: 43 48 43 41 53 40
50x46: 29 37 42 41 45 46
40x41: 38 45 42 43 36 48
46x37: 43 43 28 52 40 58
48x39: 36 27 46 43 32 24
49x50: 39 56 39 41 49 31
45x50: 67 56 44 58 60 62
45x48: 57 65 48 57 48 57
36x44: 26 26 40 25 33 18
35x41: 37 26 43 37 35 43
45x48: 38 35 44 38 43 42
44x42: 42 42 49 41 55 55
38x45: 41 45 45 47 42 44
37x36: 25 30 20 21 28 20
37x37: 19 32 32 20 17 24
35x37: 23 35 45 28 33 34
41x36: 36 33 46 28 47 36
45x50: 37 39 38 45 42 39
37x49: 30 37 27 45 32 20
50x43: 36 42 29 31 43 42
43x48: 40 38 28 48 30 40
43x37: 25 37 31 24 22 28
36x41: 32 24 29 23 18 29
46x37: 44 37 41 35 53 51
45x49: 71 51 60 60 61 38
35x40: 25 45 35 39 40 33
39x40: 26 41 52 42 35 44
35x49: 27 28 32 28 29 31
46x40: 46 31 26 27 32 32
36x38: 31 24 20 20 32 16
40x50: 47 67 43 46 61 44
47x42: 54 44 43 59 55 52
45x41: 29 32 40 36 26 32
41x48: 56 54 55 46 39 50
38x43: 37 47 38 41 45 44
41x40: 21 31 27 26 33 30
45x40: 23 46 25 32 30 39
42x37: 27 31 27 32 21 30
45x44: 46 59 50 46 48 54
44x38: 46 40 44 40 46 41
41x48: 50 42 55 54 51 52
36x47: 30 30 29 30 31 29
38x42: 46 50 39 27 41 39
49x43: 45 57 60 47 50 63
43x44: 55 30 60 45 47 53
39x37: 22 23 28 30 30 23
43x44: 41 57 48 59 53 37
45x50: 49 28 41 50 39 33
36x35: 23 14 19 22 26 27
44x41: 29 30 39 27 32 24
44x48: 60 39 64 52 57 53
50x41: 57 63 47 53 41 53
35x36: 35 34 34 26 29 34
37x38: 36 37 41 34 44 25
36x43: 41 41 37 37 35 46
49x39: 38 37 35 34 31 32
37x43: 50 39 41 39 37 38
44x36: 46 38 39 31 38 49
