[#..#.] (3,4) (2,3) (0,2) (1,2,4) (1,2,3) (1) {103,34,138,16,19}
[###.] (0,1) (0,1,2) (0,1,3) (0,2) (1,2,3) {53,35,33,3}
[#.#..#] (1,2,4,5) (0,1,2,4,5) (1,2) (1,3) (1,2,3,4) {11,32,30,9,24,17}
[##.#] (0,2) (0,1,3) {151,143,8,143}
[.#...#...] (0,3,4,5,6,7) (0,1,2,3,5,7,8) (0,2,3,5,6,7,8) (1,5,6,7) (0,1,3,4,5,6,7) (1,2,3,4,5,7) (2,4,6,7,8) {24,13,34,30,32,31,37,46,28}
[#..#] (0,1) (2) (0,2,3) {21,1,163,20}
[##########] (0,1,2,4,6,7,8,9) (3,6,8,9) (3,4,5,7,8,9) (0,1,2,4,5,6,7,8,9) (0,5,6,7,8,9) (3,8) (0,1) (2,3,4,5,6,7,8,9) (0,1,2,5,6,7) (3,5,9) (0,3,4) {63,42,43,78,66,70,70,70,92,102}
[##.#..#] (4,6) (0,2,3,5,6) (1,2,5) (2,3,5) (0,1,3) (0,1) (0,6) {45,29,41,32,8,41,36}
[#....] (0,1,2,4) (1,2,4) (0,3,4) {14,17,17,13,30}
[...#.##] (1,2,3,5,6) (6) (1,2,4) (3,4) (0,1,4,6) (1,2,3,4,5) (0,1,4,5,6) (1,3,5) {24,57,14,28,38,28,42}
[.##.#..] (1,3,5) (1,2,3,4,5,6) (1,2,3,4,5) (0,1,4,6) (1,2,4,6) (1,2,3,5) {2,43,34,34,30,34,12}
[###.#] (0,2,3) (1,2,3,4) (0,3) {31,124,140,155,124}
[.#...#] (0,1) (0,2,3,4) (1,2,4) (0,1,2,4,5) (0,1,3,4,5) {231,234,45,204,235,204}
[####] (0,1) (2) (3) (0,2,3) (1,2) (0) {29,21,25,133}
[###...##] (1,3,5) (2,6) (1,2,4,6,7) (2,3,4,5,6,7) (1,4) (0,1,2,6,7) {0,39,40,21,36,21,40,20}
[#...##] (1,5) (2,3,4,5) (0) (1,4,5) (2,3,4) (0,1,2,3,5) {15,31,13,13,19,38}
[..#.####] (0,4,5,6) (2,3) (3,7) (1,3,4,5,6,7) (0,1,2,3,5,7) (1,2,3,6) (1,2,3,5,7) {6,33,30,57,18,25,28,34}
[..#.#..##.] (2) (0,6) (3,4,5,6,8,9) (2,3,4,5,7,8,9) (4,5,7) (5,6) (1,4,6) (1,2,7,9) (3,4) (3,4,5,7,9) (0,1,3,7,9) (0,2,4,5,6,7,8,9) {32,52,56,55,78,63,32,98,24,80}
[###.#....] (2,3,6,7) (0,1,7) (3,4,5,6) (2,6) (0,1,2,3,4,6) (1,6,8) (1,5,6,8) {15,38,26,17,8,22,56,23,23}
[.#####..#] (0,1,2,3,4,8) (0,1,2,3,5,6,8) (0,1,5) (3,8) (1,2,3,4,5,8) (0,2,3,4,6,7,8) (1,4,6,8) (0,2,3,5,6,7) (1,2,4,5,6,7,8) {63,64,68,78,44,63,44,23,74}
[#.###.#.##] (4,6,7) (2,3,4,9) (1,2,3,4,5,6,7,8) (0,1,2,5,6,8,9) (5,7) (1,9) (0,2,3,4,5,6,8) (3,5,7,8,9) {19,26,39,51,43,59,33,47,41,47}
[..#.##...] (1,3,6,7,8) (0,1,2,4,5,6,7,8) (5) (0,1,3,4,7) (0,7,8) (1,3,4,7,8) (0,4,6,7) (2,3,4,6,7,8) (1,2,4,5) (2,4,7,8) (0,1,2,3,7) {207,198,182,35,216,167,189,239,208}
[..##.#####] (0,1,2,4,5,7,8,9) (0,1,2,3,4,5,6,8) (0,3,7,8,9) (1,2,3,5,6,7,8,9) (2,6,9) (3,5) (0,1,3,4,5,6,7) (0,1,2,5,6,7,8,9) (2,6,7) (1,2,4,6,8) (4,6,7,8,9) (0,1,4) (4,9) {70,58,55,48,63,54,68,69,58,54}
[..#####...] (1,2,5,6,7,8,9) (0,2,3,4,5,6,7,9) (4,5,6,7,8) (2,5) (1,5,6,9) (1,2,4,6,8,9) (2,3,6,7,8) (0,1,3,4,5,7,8,9) (0,4,9) (0,3,4,5,6,9) {38,56,52,41,147,191,173,154,152,79}
[.#.##] (0,1) (0,1,2) (4) (0,1,4) (1) (2) (1,2,3,4) {26,53,27,11,34}
[.##.] (1,2,3) (1,2) (0,3) {6,196,196,8}
[..#.] (0,1,3) (0,2,3) (0,1,2,3) {5,4,3,5}
[#.#.] (1,3) (1,2) (0,3) (1) (0,2,3) (0,2) {36,28,18,46}
[..####] (2,3,4) (0,4,5) (3,4) (0,3,4,5) (1,2,5) (0,1,3,5) (1,4) {24,31,30,37,43,37}
[.#....#.#.] (0,3,9) (3,6,9) (1,3,5,6,7,9) (1,4,7) (1,2,3,4,5,8) (0,2,4,5,6,7,8,9) (0,2,3,4,5,6) (2,4) (0,1,3,4,5,7,8,9) (1,6,9) (7) (0,1,2,3,4,5,8) {69,86,80,95,110,99,62,79,71,71}
[.###] (0,1) (2,3) (1,2,3) (1,3) (1) (0,2) {29,34,28,13}
[....#.#...] (1,2,3,4,6,8) (0,1,2,3,4,5,7,8) (0,4) (1,2,3,9) (1,2,4,6) (1,5,9) (5,7,8,9) (1,2,3,4,5,6,7,9) (0,2,3,4,6,7,8,9) (3,7) (0,6) (0,1,2,4,5,6,7,8) {55,60,76,53,73,52,70,70,74,46}
[##....##] (0,1,2,5,6) (1,2,3,4,7) (4,5) (0,2,3,5,7) (0,3,4,6) (0,2,5,6,7) (1,4,6,7) (4) (0) (1,7) {70,62,46,32,69,40,68,62}
[#..#] (0,2) (2,3) (2) (1,3) (0) {113,19,28,30}
[##.###.] (0,1,4,6) (1,2,3,4,6) (0,1,5,6) (0,3,5,6) (0,3,4) (0,5,6) (0,3,6) {67,131,101,118,120,39,162}
[.#..##....] (0,1,2,3,4,6,8,9) (0,1,2,3,6,8) (4,5,9) (0,1,2,4,5,9) (0,2,3,4,7,8) (2,8,9) (0,7,9) (0,2,5,9) (0,1,2,3,5,6,7,9) {55,37,68,42,18,25,31,24,44,40}
[.#.#.] (0,2,3) (0,1,2) (1,3,4) {177,9,177,170,1}
[#.#...] (0,2,5) (0,1,4) (0,2,3,5) (3) (1,2,4) (0,1,2,4,5) {47,37,49,23,37,36}
[#....] (0,2,3) (1,3) (0,1,2,3) (2,3,4) (1,2) (2,4) {30,44,210,198,172}
[#.#.###..] (3,4,5,6) (0,4,5,8) (0,2,3,5,6,8) (1,2,3,6,7,8) (1,2,3,5,6,7) (1,2,4,5,6,8) (0,1,2,3,4,7,8) {25,26,32,49,38,55,49,25,38}
[#.#.#] (2,4) (0,2,3,4) (1,2,4) (2,3,4) (0,1,2,3) {133,117,168,149,51}
[...#...#.#] (2,3,4,5,8,9) (1,4,5,6,9) (1,2,5,8,9) (0,2,5,6,7) (0,1,7,9) (0,2,3,4,9) (2,3,5,7,8) (0,2,3,4,6,7,8,9) (1,5,7,9) (0,2,4,6,9) {54,31,67,35,41,58,38,56,31,69}
[.#...##.##] (1,2,3,5,6,8,9) (1,8) (2,4) (1,5,6,8,9) (0,1,3,5,6,7,8) (1,2,3,6,7) (0,1,3,6,9) (1,2,3,4,6,7,9) (0,1,2,3,4,5,6,8,9) {155,178,30,165,20,37,174,19,41,155}
[..##.###] (0,3,4,7) (4,5) (0,1,3,4,5,6,7) (2,3,4,6) (1,3,4,6) (0,1,2,3,4,7) (0,1,2,3,4,6) (0,1,2,5,6,7) {71,59,48,79,82,26,52,60}
[.#.##] (0,1,4) (0,1) (1,2,3,4) (0,4) (3,4) (1,3,4) (1,3) {38,59,13,45,46}
[##.#..##] (0,1) (0,1,2,6,7) (0,3,4) (2,3,5) (0,2,3,4,5,6) (7) (3,6,7) (0,2,5) {37,14,29,22,14,19,12,23}
[####.] (0,2,3,4) (0,1,2,3) (1,4) {19,156,19,19,149}
[...#] (1) (1,3) (0,1,2) (0,2) (3) {18,21,18,15}
[..####] (0,2,3,5) (2,3,4,5) (1,5) (0,2,4) {16,8,25,23,11,31}
[##.##] (0,3) (1,2,3) (0,2,4) (1,2) {21,14,16,27,2}
[##.#.#] (0,2,3,4) (0,2) (1,2,4,5) (0,4,5) {29,2,24,13,22,9}
[#####] (2,3) (1,2,3,4) (0,3) (2) (1,3,4) {7,24,36,39,24}
[###.#.] (1,2,3) (2,3,5) (0,2,3,4) (3) (0,1,2,4) (1,3) (3,5) (0,1,4,5) {30,141,40,185,30,33}
[####.#.#.] (5,8) (0,1,4,7) (0,2,3,4,6,7,8) (2,3,4,5,7) (0,3,4,7,8) (0,1,2,5,8) (0,1,2,3,5,6,7) (0,2,3,8) (0,2,3,5,7) {69,30,86,69,26,65,13,49,48}
[#.###.##..] (1,2,3,4,6,9) (3,4,5,6,8) (0,3,4,8) (2) (4,7) (1,3) (1,2,3,6,7,9) (4,5,6,8,9) (0,1,4,5,8,9) (1,3,5,6,7,8,9) (0,1,4,5,6,7,8,9) {45,62,26,66,66,42,45,24,62,51}
[.###..] (2,3,4,5) (1,4,5) (1,3,4) (0,4) {10,19,6,23,35,8}
[.#...#..] (2,5) (0,1,5,7) (0,2,4,5) (0,1,2,7) (1,2,4,6,7) (0,1,5,6) (2) (2,3,4,7) (0,1,2,5,6,7) (1,2,3,4,5,7) {54,59,85,19,50,62,45,58}
[.#.##..#.#] (1,6,7,8,9) (1,2,5,6,8,9) (0,4,6,8) (0,3) (0,3,4,6,7,8) (2,3,4,5) (5,6,8) (0,2,4,5,6,7,9) {58,18,38,46,53,42,62,46,43,37}
[#..#.###..] (0,1,2,3,4,5,6) (1,5,9) (1,3,4,6,9) (0,1,2,5) (1,2,4,7) (0,1,2,4,5,7,8,9) (6,8) (1,4,5,9) {47,84,53,38,60,58,38,22,16,47}
[#.#....#] (2,3,4,5) (1,2,3,4,6,7) (0,1,2,3,6,7) (1,2,3,5) (3,4,7) (0,5,6) (2,7) (2,3,5,7) {188,187,207,195,4,15,191,206}
[####.#.#] (4,6) (0,2) (0,1,2,3,5,6,7) (2,4,5) (4,5,7) (3,5,7) (1,4,7) (0,1,2,3,4,7) (1,7) {37,47,38,50,40,43,24,70}
[#...#.##] (0,1,2,3,4,5,6) (1,2,4,5,6) (0,3) (1,2) (2,5,6) (4,5,6) (0,2,3,5,7) (0,3,6) (0,1,4,6) (0,2,3,4,5) {33,31,50,29,19,36,32,13}
[#.##..#] (0,4,5) (2,3,4) (0,1,3,4,5) (0,1,2,4,5) (0,3) (1,5,6) (2,3,4,5,6) {40,33,35,50,55,57,27}
[#..####] (0,3,4,5,6) (1,5,6) (0,1,5,6) (4) (3,5,6) (1,3,4) (0,1,3,4,5) (2,3) {39,48,6,74,55,70,50}
[..##..#.] (1,2,3,4,5,7) (1,7) (0,1,3,4,5,6) (0,2,3,4,5,6) (2,4) (0,1,2,3,4) {147,154,165,153,168,24,18,22}
[..####.] (0,3,6) (0,1,2,3,5) (3,6) (1,4) (1,2,3,4,5) (1,2,6) {21,53,43,42,24,25,35}
[.#.#.#.#.] (1,2,4,5,7,8) (0,4,5) (0,1) (0,3,6) (2,4,5,6,7,8) (6,8) (0,1,2,3,4,6,8) (2,3,4,7,8) (4,7,8) (7) (5) {42,48,40,33,57,29,39,52,65}
[.##.#.#.##] (1,3,4,5,6,7,8,9) (0,2,3,8) (3,5,6,9) (1,2,3,6,7,8,9) (0,1,3,4,5,7,8,9) (2,3,4,5,7,8,9) (1,2,3,5,6,8,9) (2,3,4,5) (4,5,6,7,8,9) (1,3,4,6,7,9) (1,2,4,6,7,8,9) (0,2,4,8) (3,5,6,7,8,9) {7,51,58,76,69,71,77,64,67,90}
[.###..##] (0,1,4,7) (1,2) (0,1,2,6,7) (1,2,3,4,5,6,7) (2,4,5) (0,1,2,3) {51,56,55,18,29,14,18,33}
[.....#...#] (1,4,6) (0,3,5,7,9) (0,1,2,4,5,8) (2,3,4,9) (0,3,5,7,8) (1,3,4,5,6,7) (0,1,2,4,6,7,8,9) (0,2,3,4) (2,3,4,5,9) (0,1,3,5,7,8) (0,1,3,7) {62,70,29,84,68,69,51,79,40,43}
[###.] (0,1,2) (0,1,3) {23,23,11,12}
[.#.#.#.#.#] (2,5,7,8) (1,2,4,5,6,7,8) (1,4,5,6,7,8,9) (1,2,3,7) (0,1,2,4,5,6,7,8,9) (1,3,4,6,7,8,9) (1,4,5,6,9) (0,2,6,7,9) (5,9) (1,2,3,5,7,8) (0,1,3,4,6,7) (2,3,6,7,8,9) {24,60,65,24,53,75,78,86,64,77}
[##.#] (0,3) (2,3) (0,2,3) (1,3) {15,3,200,203}
[.#.#...] (2,3,5) (0,2,3,4) (2,5,6) (1,2,4,5,6) (0,1,2,3,6) (0,4,6) (1,5,6) (0,1,2,3) (2,6) {40,33,63,31,41,37,65}
[..##] (2,3) (0,1,3) (1,2,3) {14,32,218,232}
[#..###.] (0,3,4,5) (2) (1,3,4,5,6) (0,1,4,6) (1,2,3,5) (0,1,2,5) {17,44,205,27,14,37,14}
[####.#.#] (1,3,5,6,7) (0,2,3,5,6) (0,1,2,3,5,6) (0,1,4,5,6,7) (0,1,6) (0,2,3,4) {47,31,24,26,31,23,32,16}
[.####..##] (0,3,5,7) (1,3,4,5,6,7,8) (1,2,3,5,6,8) (0,1,2,4,5,6,8) (1,4,5,6,8) (3,5) (0,1,2,3,4,8) {43,49,37,73,37,66,30,24,49}
[#.#..####.] (6) (0,1,2,3,4,6,7,9) (1,3,5,8) (2,7) (4,7) (0,2,3,9) (2,3,4,5,6,7) (0,2,5,6,7,8) (0,2,4,8,9) (3,7) (0,1,4,6,8) {62,32,59,50,42,16,42,26,41,52}
[....#.] (0,3) (0,1,3,5) (0,2) (1,5) (0,2,3) (2,4,5) (2,5) {152,137,34,143,19,160}
[.#.#.#] (1,3,5) (0,3,4) (2,3) (2,3,5) {9,11,34,54,9,25}
[##.#.#] (2,4,5) (0,1,2,4,5) (3,4,5) (0,1,3,5) (1) (0,1,2,5) (0,1) (1,3) {24,57,17,34,27,35}
[.#..#..##] (1,3,4,5) (1,2,6) (1,8) (2,3,6,8) (0,2,3,7,8) (1,2,3,4,5,6) (0,1,7,8) (0,1,2,5,6) {24,55,53,33,13,16,36,21,39}
[.########] (1,2,3,4,6,8) (2,4,5,8) (2,4,6,8) (0,1,5,8) (0,3,4,6,7,8) (1,2,3,5,6,8) (0,4,7) {26,17,18,20,37,11,22,21,31}
[###..] (2,3,4) (0,1,3,4) (0,2,4) (1,3) {9,22,8,26,13}
[#.##.##..] (1,4,5,7) (0,3,4,6,7,8) (5,6,7) (1,2) (0,1,3,4,5,7) (0,1,2,3,4,6,7) (0,1) (1,3,6,8) (1,3,4,5,7) (0,1,4,5,6,8) {52,71,5,44,73,74,47,76,27}
[....#] (0,2,3) (0,1,2) (3) (2,3) (2,3,4) (1,2,3,4) (0) {26,19,57,48,23}
[..#.#.] (0,1,3,4) (3,4) (0,1,2,3,5) (1,4,5) (1,2,5) (2,3) {15,39,36,26,14,35}
[##...####] (2,7,8) (2,5,6) (0,4) (0,1,3,4,5,6,7,8) (1,5,7) (2,5,8) (0,1,2,4,5,6,8) (3,4,5,6,8) (3) (0,1,2,3,4,6,7) (0,2,3,4,6,8) {63,45,68,64,81,64,79,49,82}
[####] (1,2,3) (0,1,2,3) {6,12,12,12}
[.###.#] (3,4,5) (0,2,4,5) (1,2,3,5) (0,1,3,5) (2,3) {19,21,151,166,26,47}
[###.#.] (1,5) (1,3,5) (0,1,2,4) (0,1,4) {21,39,14,16,21,18}
[#..#..#..#] (0,2,4,5,6,7,8,9) (0,1,2,3,6,7,8,9) (3,6,7) (0,1,2,3) (0,7,8) (0,2,3,5,6,7) (1,2,4,8) (1,3,4,9) (0,6,9) (0,3,4,9) (0,1,2,3,4,5,6,7,8) (0,3,4,7,8,9) (0,1,4,5,7,9) {106,64,55,183,70,43,156,154,30,77}
[..###..] (2,3,4,5,6) (0,4,5) (0,1,3,4,6) (1,2,4,6) (0,1,2) {44,51,38,23,54,17,42}
[.#..#.] (4,5) (0,1,2,3,5) (0,1,2,4,5) (0,3,4) (4) (0,4,5) (1,3,5) {44,46,26,43,59,68}
[#.#.] (1,2) (1) (0,2,3) (0,1) (0) (0,3) {19,16,2,1}
[##.#.#] (1,4) (0,1,2,5) (1,2,3,5) (0,2,4,5) (0) (1,2,3,4) (1,2,5) {30,51,50,22,32,33}
[#.#.] (1,2) (0,1) (1,2,3) (0,2) (1,3) {35,53,40,23}
[..##] (0,3) (0,2) (0,1) (1,3) (2,3) (1,2) {21,40,40,35}
[.#.#.] (0,1,4) (1,3) (0,3) (0,2) {29,31,14,24,11}
[#..#....] (1,3,4,6,7) (0,2,4,6,7) (0,1,2,5,6,7) (1,2) (0,2,3,4,5,6) (1,2,3,5,6,7) {18,55,51,28,18,28,46,46}
[.##..] (0) (0,2,3) (0,4) (1,3) (1,2) {13,22,8,16,0}
[.#.#.] (0,1,3,4) (0,2) (0,2,4) (3,4) (0,2,3) (2,3,4) {208,13,210,54,54}
[...#..#] (0,2,3,6) (2,3,4) (1,2) (2,3,4,6) (1,2,5) (0,3,4,6) (2,3,4,5,6) (1,5) {124,36,63,147,138,25,133}
[#.##..#.] (0,1,3,4,5,6) (0,1,2,3,4,5,7) (0,4,5,6) (0,1,3,4,7) (0,2,6,7) (0,2,3,6) {142,18,26,36,119,104,124,23}
[#..#.....] (1,3,4,5,7) (0,2,4,5,6,7,8) (0,5,6,7) (2,7) (0,1,2,4,5,7) (0,1,3,5,6,8) (0,2) (0,4,6) (0,1,4,5,6,7,8) (1,2,3,5,6,8) (0,3,4,5,7,8) {58,34,30,27,45,64,25,59,28}
[#.##] (0,2,3) (1,2,3) (0,3) {10,15,23,25}
[#...#####] (0,4) (3,6) (0,2,3,4,5,6) (0,1) (0,2,8) (1,2,6,7) (2) (0,5) {28,24,46,4,2,10,22,18,11}
[.##.##.#..] (1,3,7) (7,9) (1,3,5) (1,3,6,8,9) (0,1,4,7,8,9) (0,1,2,4,6,7,8,9) (0,1,2,3,4,7,8,9) (0,5,6,7,8) (0,1,2,3,5,6,7,8,9) {31,44,20,36,16,23,23,39,36,32}
[.#####.##] (1,2,3,4,5,7,8) (0,1,3,4,5,6,7,8) (1,2,4,6,7) (3,7,8) (5,6) (3,4,5,7) (0,2,3,4,6,8) (0,4,5,6) (2,5,8) (0,1,2,4,5,8) {41,39,48,45,71,83,69,51,56}
[.#.#] (1,3) (0,1) (0,1,2) (0,1,3) {29,31,19,2}
[#.##...] (0,1,2,6) (1,2,3,5,6) (3,4) (0,2,3,5,6) (1,5,6) (0,1,2,3,5,6) (1,2,3,4,6) {14,49,47,52,22,42,59}
[.###] (0,2) (1,2,3) {11,1,12,1}
[#####.#] (0,2,3,4,5) (1,2,5,6) (0,2,4) (1) (0,3,6) (0,1,2,3,6) {41,32,28,39,3,6,43}
[.##....#.] (0,1,2,5) (0,2,6,7,8) (5,7,8) (2,3) (0,2,5,6,7,8) (0,1,2,5,6) (2,7) (0,2,4,6,8) {49,16,70,6,19,27,39,37,41}
[..#.#..] (1,2,3,4,5) (2,6) (0,2,4,5) (0,1,3,5) (0,1,3,4) (0,1,2,5,6) (0,5) (0,1,4,6) (1,2) {77,69,171,38,45,68,142}
[.#.#...] (3,4,5,6) (0,2,3,6) (1,5) (1,3,4,5,6) (2,4,5,6) (2,3,4,5,6) {2,24,17,25,26,44,28}
[.#.#] (1,3) (0,2,3) {13,4,13,17}
[##.###.#.#] (0,1,6,7,8,9) (0,4,5,6,8,9) (0,1,5,6,7,8,9) (1,2,3,4,5,6,8,9) (4,5,6,7,9) (0,1,6,9) (1,6,8) (3,5) (2,4) (1,2,5,7,8,9) {22,65,31,11,32,55,66,40,57,68}
[#.###] (1,2) (0,2,3,4) (1,4) (0,4) {15,21,23,5,18}
[.##.##] (0,3) (1,2) (0,3,4) (0,3,4,5) (1,2,3,4) {37,22,22,53,39,18}
[..#..] (1,2,4) (0,2,3) (2) {4,4,22,4,4}
[#..#.###.] (0,1,3,4,7,8) (3,4,6) (2,3,4,5) (0,6,7) (4,7) (0,2,5,6,8) (1,2) (5,8) (1,8) {32,26,28,38,48,33,41,39,34}
[.##.#.#] (0,1,3,4,6) (5) (3) (2,4,5,6) (0,1,2,5,6) (0,3,4,5) (0,4) {221,189,10,218,227,33,197}
[###..#] (1,2,4,5) (0,1,3) (0,1,2,4) (1,5) (0,4) (0,2) (0,1,2,3) {36,52,44,11,28,33}
[##......] (0,5,7) (5,6,7) (0,1,2,4,6,7) (1,2,3) (1,2,3,4,5) (1,3) (0,2,4,5,6) {36,48,48,31,39,195,197,190}
[.#..#.] (0,1,2,5) (0,1,3,4,5) (1,2,3,5) (0,1,2,3) (2,4) {32,43,30,36,25,37}
[####.##.#.] (2,4,5,6,9) (3,5,6) (0,1,3,4,5,6,7) (0,2,3,4,5,6,7,8) (1,4) (0,2,5,9) (1,3,4,7,8,9) (4,5,8) (0,1,3,4) (2,3,6,7,8) (0,1,2,3,5,6,8) (1,2,4,6,8,9) (1,4,6,7,9) {33,61,60,77,77,68,82,46,66,50}
[..#.##..] (1,2,3,4,5,6,7) (0,2,3,4,5,6) (0,3,4,5,7) (1,5,6,7) (0,2,7) (0,4,5,7) (1,4) {50,19,24,33,54,55,19,61}
[#.#####] (1,2) (1,4,6) (2,3,4,6) (1,3) (0,1,2,5) {152,179,154,7,21,152,21}
[##.#.#..] (3,5) (0,1,5,6,7) (4,5,6) (1,2,6,7) (0,3,4,7) (2,4,5,6) (0,2,3,4,5) {10,7,16,30,19,35,16,11}
[..#.##.] (0,3,4) (3,4) (1) (0,1,3,4) (1,5) (0,2,3,4,5,6) (4,6) (0,1,2,4,6) {22,202,6,25,45,9,24}
[.#.##.#.] (2,3,4,5,6) (0,1,2,5,7) (0,3,4,5,6,7) (2,3) (2,3,4,6) (0,1,2,4,6,7) (0,1,2,3,7) (2,6,7) (0,4,5,6,7) {51,24,253,238,69,47,84,66}
[.##..##] (0,1,2,3,4,6) (0,3,4,5) (0,1,4,6) (1,3,6) (0,2,3,4,6) {136,146,13,37,136,6,148}
[..#.##] (0,1,2,4,5) (0,2,3) (0,3,4,5) (2,5) {150,3,157,147,6,16}
[#..#] (0,1,3) (0,2,3) (2,3) (0,3) {44,13,23,55}
[#.#.....#] (2,3,5,6,7,8) (1,2,3,7) (1,2,3,6,8) (1,3,4,7,8) (0,2,7,8) (2,3,4,5,7) (0,1,3,6) {14,41,45,57,26,16,23,52,47}
[..#.#...] (0,1,4,6,7) (1,4,5,6,7) (1,2,4,5,6) (0,1,2,3,4,5,7) (3,6) (0,2,4,5,6,7) (2,4,5,7) {32,36,45,26,61,53,50,53}
[###.###.##] (1,3,4,5,7) (8,9) (1,2,5,6,7,9) (0,1,2,3,4,6,7,8) (0,3,5,6,7) (0,1,2,4,5,6,8,9) (6,7,8) (0,1,2,3,4,5,6,7,9) (2,3,5,8) {149,169,152,155,157,172,171,176,40,151}
[#.###.#...] (0,1,2,3,6,7,8,9) (0,3,5) (0,1,2,3,4,5,6,7,8,9) (0,1,4,5,6,7,8) (2,3,6) (0,1,2,3,4,5,7,8) (0,1,2,3,5,7,8,9) (2,4) {53,44,52,59,29,52,33,44,44,25}
[.#.#.##.] (1,2,3,4,5,6,7) (0,2,3,5,7) (2,3) (1,2,5,6) (2,5) (0,1,3,5,6) (1,3,5,6) (0,1,5,6) {25,47,48,53,11,74,47,20}
[...##.#] (0,5) (0,1,5,6) (0,2,3,6) (3,5) (0,1,3,4,6) (0,1,2,4,6) (0,4,5) (1,2,4) {42,10,16,15,23,29,16}
[##.##] (0,3) (0,3,4) (3) (0,1,2,4) (0,1,4) (0,2,3,4) {50,25,29,28,46}
[##.####] (3,4) (0,1,3,4) (0,1,3,4,5,6) (1,2,3,6) (0,2,5,6) {38,30,14,47,44,18,21}
[####.#..] (0,1,2,7) (0,2,4,5,6,7) (1,2,3,4,5,6) (4,6,7) (0,2,3) (2,3,5,6) (0,1,3,6) (0,1,3,4,5,6) (4,5,6) (0,2,5,6,7) {55,37,38,36,47,41,75,42}
[..##.####] (6,8) (1,2,4,5,7) (2,4,7) (0,1,2,3,4,5) (0,1,2,3,5,7,8) (0,1,4,6,7,8) (1,2,7) (0,3,6,7,8) (1,2,5,6,7,8) {43,55,52,28,47,39,46,63,58}
[.#.####..#] (1,7,8) (0,1,2,3,5,6,7,8,9) (1,4,5,8,9) (0,1,3,4,6,8) (4,7,9) (0,2,3,4,5,6,8,9) (2,3,5,9) (2,5,6,7) {47,48,51,53,46,52,60,62,61,56}
[.##.] (0,2) (1,2) (0,3) (1,2,3) (0,1,2) {27,28,35,20}
[#.#..##] (0,6) (0,3,4,5,6) (0,1,5) (0,5) (2,4,5,6) (1,2,3,4,6) (2,4,6) {43,9,122,21,140,44,142}
[#..#.] (0,4) (0,3) (1,2,3,4) (0,1) {32,26,7,10,17}
[###..#.#] (1,3,4) (1,3,5,7) (0,1,2,3,4,5,6) (7) (1,2,3,4,6,7) (0,3,7) (2,4,5,6) (2,3,4) (0,1,2,3,7) {37,57,41,91,53,35,21,57}
[###.] (0,1,2) (1,2) (0,2,3) (2,3) (0,2) (1) {27,15,41,22}
[..#...] (1,2,4) (1,2,5) (3,5) (0,3,5) (2,3,5) (0,1,2,4,5) (0,2,3,5) (1,2) {23,41,63,34,30,49}
[#.#.##.] (4) (0,4) (1,2,3,4) (0,5,6) (1,3,4,5) (4,5,6) (2,4,5,6) (0,1,3,4,6) (3,6) {29,10,13,29,38,30,54}
[#######..#] (0,2,3,4,5,6,7,8,9) (0,3,5,8,9) (1,4,9) (0,1,2,3,5,6,7,9) (7,9) (0,1,2,4,5,6,7,8,9) (3,4,5,6) (2,9) (0,1,2,5,6) (0,1,3,4,6,7,8,9) (3,5,6) (2,3,4,5,6,7,8,9) (3,5,6,8,9) {185,171,172,82,172,189,188,182,184,238}
[###.#.#.#.] (2,7,8,9) (0,2,8,9) (0,1,3,4,5,7,8,9) (0,1,2,3,6,7,8) (8,9) (0,7) (0,3,6) (1,3,4,5,6,7) (0,3,4,5,6,7,8) (0,1,4,7,8) {92,53,25,57,56,38,37,96,87,48}
[#......#] (0,3,4,5,7) (2,4) (2,3,4,5,6,7) (0,1,2,4) (3) (0,1,3,4,5,6,7) (0,7) (2,3,4,7) (3,6,7) {48,17,53,44,70,34,23,60}
[###.#] (0,1,2) (1,2,3) (2) (1,3) (1,3,4) {19,208,203,189,18}
[##...##..#] (1,2,4,5,6,8) (0,1,2,3,4,5,6,7) (0,6) (0,2,3,5,7,8) (1,3,4,5,6,9) (2,4,5,6,8) (0,1,2,6,8,9) (0,1,3,9) (2,4) (2,3,9) (0,1,8) (1,2,5,6,8,9) {238,234,81,70,50,56,61,32,211,57}
[######.#.] (2,6,7,8) (2,3,5,8) (1,2,4,6,7) (0,2,4) (1,3,4,5,6,7,8) (0,4,6,8) (1,5) (0,1,2,5,6,7,8) {137,36,150,8,132,32,36,34,32}
[.##....#..] (0,1,4,5,6,7,9) (0,1,2,3,4,5,7,9) (1,2,6,8,9) (0,1,3,4,6,7,9) (1,2,4,5,6,7,8,9) (1,2,3,5,6,7,8,9) (1,2,3,6,8) (0,1,2,3,5,6,7,8,9) (0,1,2,3,8) {34,90,83,51,28,55,73,57,81,72}
[##.##.#] (0,2,4,6) (0,1,2,3) (0,4,5,6) (0,4,6) (0,2) (1,2,5,6) (3,4,6) (3,6) (5,6) {195,33,45,29,190,22,215}
[.#####] (1,2,5) (0,2,3,5) (0,1,2,3) (1,5) (3,4) (0,4) {38,20,19,28,30,24}
[.##.#] (0,2) (0,3,4) (1,2,4) {21,13,15,19,32}
[#...] (1) (0) (1,2) (0,2) (0,3) (3) {12,161,20,22}
[#.###] (0,1,2) (1,4) (2,3,4) (0,2,3) (0,1,3) (2,3) {205,214,221,27,33}
[.#...###..] (7,8) (0,5,7) (1,2,5,6,7,9) (0,2,3,4,5,7,8,9) (2,9) (0,1,2,3,4,5,6,7,8) (1,2,3,4,7,9) (3,4,6,7,8,9) (0,1,4) (0,4,6,9) {49,37,45,48,69,37,45,83,39,73}
[#..#.#.##] (2,3,7) (1,3,4) (0,1,2,3,4,7,8) (2,3,4,5,6,7,8) (0,2,4,6,7,8) (1,4,5) (0,1,4,7) (5,6) {18,38,22,39,46,28,26,38,9}
[..#...#] (5,6) (0,1,2,3,4) (0,1,2,5,6) (3,4) (2,3,4,5,6) (0,5,6) (1,2) (0,3,4,6) (2,5,6) {65,45,49,34,34,38,49}
[.###] (1) (0,3) (1,2) (0,2) (2) {22,4,171,14}
[#.###..#] (0,1,3,4,5,7) (0,1,2,3,6) (1,3) (6,7) (3,4) (0,1,4,5,6) (1,2,3,4,5,7) (0,2,3,4,7) {40,24,35,57,51,13,35,47}
[##.##..##] (0,1,2,3,5) (0,3,7,8) (1,3,6,7) (0,2,3,4,7) (1,2,3,4,5,6,8) (0,1,3,5,6,7) (1,3) (0,1,3,7) {46,154,40,180,40,31,41,56,26}
[##.#..#..#] (1,2,3,4,8) (0,4,5,6) (5,8) (1,5,6) (1,2) (0,2,4,6,8,9) (0,6,7,8) (0,1,2,4,5,6,7,8,9) (0,2,9) {30,35,52,14,33,20,26,4,38,28}
[####] (3) (0,1) (2,3) (0,2) (1,2,3) (1,2) {19,32,213,201}
[...##.##.#] (0,2,4,7,8) (3,4,5,6,8) (1,4,7,8,9) (0,4,7,9) (3,6,8,9) (1,2,3,4,5,7,8,9) (4,5,7) (1,3) (0,1,2,3,5,6,7,9) {13,25,30,39,43,29,21,39,52,39}
[#.#..##..] (0,2,4,6,8) (0,1,3,4,5,6,7) (0,1,4,5,8) (6) (5,7) (1,3,5,6,7,8) (0,1,3,4,6,7,8) (0,1,2,6,7) (0,4,8) (2,5) {50,55,21,35,39,35,55,46,47}
[.#.#] (1,3) (0,2,3) (0,3) {28,0,14,28}
[######] (0,1,2,3,5) (0,1,3) (0,2) (0,2,5) (1) (0,2,4) (0,2,3,4,5) (3,4) {61,22,41,33,27,19}
[####.] (0,3) (0,1,2,3) (0,3,4) (2,3,4) (0,1) (1,2) (0,4) {43,39,36,37,13}
[.#..#] (0,1,4) (1) (3,4) (0,3) (2) (0,1) {44,44,11,12,17}
[..##] (0,1) (0,1,3) (0,3) (2) {191,191,7,12}
[.#.#] (3) (0,1,3) (0,2,3) (2,3) (0,1) (1,2,3) {21,22,12,42}
[.#.#] (0,1,3) (0,1,2) (1,2,3) (1,3) {13,40,26,27}
[..#.#] (0,3) (1,3) (0,1) (0,1,3) (2,4) (0,1,2,4) {19,29,9,23,9}
[##....#] (2,3,4,6) (1,2,3,6) (1,2,3,4,6) (2) (1,4,6) (0,1,2) (0,1,6) (1,2,3,5,6) (2,5) {3,179,199,185,27,20,186}
[#.##...#] (1) (2) (4,7) (0,3,5) (0,1,5) (0,1,6) (0,3,4,5,6,7) (1,7) (1,5) {36,52,16,6,14,25,21,15}
[.#..#..] (2,3,5,6) (3,5,6) (4,5) (1,4) (0,1,4,5,6) (0,3,4,5,6) {2,8,11,29,15,36,30}
[..#.##] (0,1,2,5) (0,1,2,4) (1,3,4) (1,2,3,5) (1,3,4,5) (0,1,4) (0,3,4,5) {33,58,31,29,49,26}
[#...##..] (1,3,7) (0,3,5,6) (1,3,6) (0,1,2,4,5,7) (0,1,2,3,5,7) (2,4) (1,3,6,7) (2,7) (1,5,6,7) (0,1,2,3,4,6) {55,82,53,86,19,51,55,86}
[....#.##.] (0,1,3,4,6,7,8) (0,3,4,7) (2,4,6,7) (0,1,2,4,5,6,8) (4,6) (1,2,3,4,5,6,7) (2,3,4,6,7,8) (3,8) (1,2,3,8) {38,41,53,64,75,34,59,55,48}
[.#..###.#.] (1,3) (1,4,5,6,8) (0,1,2,4,5,6,8,9) (0,1,2,3,4,5,6) (0,1,2,3,4,6,7,9) (0,1,8) (0,1,2,3,6,7,8,9) (0,2,3,4,5,9) (1,4,6,9) (2,3,4,5,9) (2,5,6,7,8) {79,75,96,70,66,70,76,47,64,71}
[#...#] (0,3) (0,4) (0,1,2) (1,2,3) (2,4) {34,21,36,19,23}
[#.####] (1,2,4,5) (2,3,4) (0,3,4,5) (2,3) (0,5) {17,114,149,46,144,131}
[###.##...] (1,2,5,6,8) (0,3,4,5,6) (0,1,2,3,5,8) (0,1,3,5,6,8) (6,8) (0,2,3,4) (0,2,5,7,8) (1,6) (0,2,4,5,6,7,8) (0,1,4,5,8) {55,61,56,23,32,69,43,15,72}
[...##.] (0,1,3,5) (2,4,5) (0,1,3) (0,1,2,4) (1,3,5) (1,2,3,5) (0,4) (0,1,3,4) {154,157,160,32,166,37}
[#...] (0) (0,2,3) (1) (0,3) {40,12,12,30}
[##...##.] (0,1,7) (2,3,4,5,6,7) (2) (1,2,3) (0,1,3,4,5,7) (0,2,4,7) (0,1,2,4,6) {30,39,59,51,48,35,26,44}
[...#..#..] (2,4,7) (0,1,2,4,8) (2,3) (0,3,4,5,6,7,8) (0,1,5,7) (1,7) (0,2,5,6,7,8) (0,1,3,5,6,7,8) (0,1,3,4,5,6,7,8) (3,4,5,7) (0,3,4,6,7) {51,31,43,65,49,36,45,73,31}
